Numeros
140
100
90
215
180
60
55
70
170
80
65
130
70
70
225
85
80
50
125
190
180
170
210
100
120
165
130
170
150
220
170
155
195
215
120
90
225
190
115
145
80
155
165
95
205
105
105
105
65
125
100
150
85
195
170
75
105
135
70
205
180
230
220
120
115
185
75
200
225
130
165
135
140
150
55
165
70
60
230
165
60
180
75
155
170
105
60
155
150
220
110
80
80
110
50
160
60
85
195
85
160
210
165
70
110
145
150
145
200
175
210
140
120
55
150
120
155
80
190
185
165
225
170
130
210
110
160
200
60
220
135
140
180
100
125
120
180
80
125
170
80
105
120
115
95
230
165
65
80
110
55
225
80
105
80
125
90
225
145
180
140
205
120
60
55
165
205
175
95
135
155
220
90
230
125
220
135
100
180
75
185
185
90
75
220
70
80
75
60
145
205
205
210
180
60
85
155
115
125
165
165
225
225
170
160
160
145
70
85
100
125
65
170
75
115
130
205
70
210
170
145
175
115
100
200
85
210
75
215
140
85
160
155
105
205
220
100
195
100
115
160
220
200
225
165
190
190
120
105
55
110
140
60
150
190
225
220
150
200
185
80
50
155
125
115
190
225
225
185
50
85
150
230
225
165
230
150
125
215
85
110
75
130
105
75
60
105
70
210
70
140
50
230
215
155
75
160
210
155
70
180
105
95
55
185
110
115
95
65
90
85
230
85
220
80
55
65
185
180
50
190
175
230
65
225
190
225
100
80
105
220
230
230
210
165
145
95
155
130
175
155
210
115
55
150
170
85
105
125
195
145
60
230
165
170
80
165
230
50
120
50
80
185
195
155
150
110
70
135
170
100
55
110
195
230
200
75
210
190
225
215
170
110
120
95
145
175
140
205
130
225
200
155
140
100
225
115
215
105
140
210
160
165
125
65
225
60
75
190
140
125
85
50
60
155
210
230
55
95
195
80
195
115
105
135
105
80
130
200
60
125
65
115
100
140
95
125
60
65
150
135
175
155
145
205
195
230
170
185
80
210
185
90
175
60
70
145
60
195
230
200
60
60
185
220
165
105
160
60
190
230
65
125
190
115
215
120
165
80
145
210
215
85
175
85
160
95
100
200
165
155
175
70
140
90
195
215
55
60
95
195
225
175
55
145
55
185
100
190
100
50
225
130
85
110
160
55
220
65
200
175
220
50
205
145
110
190
145
160
145
205
125
180
80
55
145
110
210
110
95
190
220
145
125
105
155
120
75
55
225
160
85
165
115
200
50
210
145
205
120
160
225
200
220
75
50
95
220
230
195
165
170
185
100
210
215
100
70
100
210
55
130
175
90
70
95
125
170
205
190
145
165
115
170
210
205
140
140
85
115
185
220
125
225
125
220
70
160
220
190
110
190
85
105
100
115
215
170
190
160
55
130
60
55
160
210
110
110
190
160
175
140
115
220
220
65
190
145
80
145
60
55
150
205
115
185
95
135
165
165
95
90
205
215
215
140
225
185
145
175
115
125
145
215
105
195
110
70
170
200
100
155
225
130
220
50
210
110
210
150
135
100
60
75
105
140
50
215
145
150
130
125
165
135
180
225
225
190
85
50
210
95
65
220
160
85
170
65
100
150
230
120
105
135
225
135
50
115
125
175
160
55
175
145
190
95
135
210
230
85
80
60
95
120
145
150
50
130
115
100
120
105
105
230
105
130
210
100
70
225
140
140
130
85
210
115
100
215
130
195
230
165
110
165
170
230
95
175
55
230
140
65
60
95
210
110
90
185
115
155
60
180
215
90
215
80
230
215
85
160
180
210
205
215
205
125
140
175
75
190
230
210
135
200
100
225
150
140
135
170
215
165
210
165
155
185
120
160
150
185
220
105
165
60
205
185
200
210
185
90
180
50
215
220
190
190
185
105
175
130
195
185
95
100
190
140
150
70
200
145
80
50
130
225
100
70
155
205
80
115
55
75
200
180
125
230
125
95
75
100
180
70
215
135
105
90
200
50
110
105
180
195
155
220
135
130
170
140
75
75
190
75
195
150
100
100
170
175
85
125
70
100
170
150
165
130
90
180
115
100
205
225
145
170
170
60
150
145
165
75
140
160
160
155
135
135
95
210
85
190
130
85
135
105
195
190
110
50
70
205
215
195
220
90
95
70
165
120
205
90
140
75
130
125
75
115
195
190
65
80
230
215
210
155
155
125
135
95
160
50
190
190
110
60
120
230
200
95
190
135
50
135
175
210
130
135
185
180
205
125
115
180
165
185
135
120
190
210
165
220
