,masa A,,,,,,
t,x,y,vx,vy,ax,ay,
0.000000E0,-1.049196E-1,-9.311618E-1,,,,
1.666667E-2,-1.053032E-1,-9.311737E-1,-4.502136E-2,-1.873074E-1,,
3.333333E-2,-1.064203E-1,-9.374053E-1,-3.799903E-2,-1.883784E-1,8.380724E-1,3.166565E0
5.000000E-2,-1.065699E-1,-9.374529E-1,-6.063824E-3,-2.188477E-3,3.986595E0,-2.026453E1
6.666667E-2,-1.066225E-1,-9.374783E-1,7.973050E-2,-7.790931E-1,1.339038E0,-1.337167E1
8.333333E-2,-1.039122E-1,-9.634227E-1,7.443476E-2,-7.809820E-1,4.851340E-1,-3.828391E1
1.000000E-1,-1.041413E-1,-9.635110E-1,4.978906E-2,-1.507865E0,-1.752678E0,8.450736E-1
1.166667E-1,-1.022526E-1,-1.013685E0,5.508331E-2,-1.507617E0,-8.051115E-1,2.581053E1
1.333333E-1,-1.023052E-1,-1.013765E0,-2.814573E-3,-3.650707E-3,-1.132844E1,-7.020830E1
1.500000E-1,-1.023464E-1,-1.013807E0,-2.751572E-1,-3.554784E0,-4.620481E0,-6.081398E1
1.666667E-1,-1.114771E-1,-1.132258E0,-2.739222E-1,-3.553534E0,4.738152E0,6.096056E1
1.833333E-1,-1.114771E-1,-1.132258E0,0.000000E0,-0.000000E0,1.388817E1,7.173292E0
2.000000E-1,-1.114771E-1,-1.132258E0,1.311495E-1,-3.344313E0,2.248278E0,-5.733109E1
2.166667E-1,-1.071055E-1,-1.243735E0,1.311495E-1,-3.344313E0,-2.248278E0,5.733109E1
2.333333E-1,-1.071055E-1,-1.243735E0,0.000000E0,-0.000000E0,-4.496556E0,1.146622E2
2.500000E-1,-1.071055E-1,-1.243735E0,0.000000E0,-0.000000E0,-1.620815E1,3.677540E1
2.666667E-1,-1.071055E-1,-1.243735E0,-4.727378E-1,1.072616E0,5.855799E0,-1.510361E2
2.833333E-1,-1.228634E-1,-1.207981E0,-6.557477E-2,-3.868912E0,1.508401E1,-1.030996E2
3.000000E-1,-1.092913E-1,-1.372699E0,4.071630E-1,-4.941527E0,6.979938E0,-1.184361E2
3.166667E-1,-1.092913E-1,-1.372699E0,-6.557477E-2,-4.852533E0,-1.508401E1,8.623752E1
3.333333E-1,-1.114771E-1,-1.534450E0,-6.557477E-2,-4.852533E0,1.124139E0,8.318628E1
3.500000E-1,-1.114771E-1,-1.534450E0,0.000000E0,-0.000000E0,0.000000E0,-3.147589E1
3.666667E-1,-1.114771E-1,-1.534450E0,-6.557477E-2,-5.770580E0,-3.150590E-1,-9.866048E1
3.833333E-1,-1.136629E-1,-1.726802E0,-4.197661E-2,-5.762887E0,1.358624E0,9.900995E1
4.000000E-1,-1.128763E-1,-1.726546E0,1.863824E-2,6.346646E-3,-1.128593E0,-4.869101E0
4.166667E-1,-1.130417E-1,-1.726591E0,-8.917294E-2,-5.909422E0,-2.167704E0,-1.015220E2
4.333333E-1,-1.158488E-1,-1.923527E0,-8.421301E-2,-5.908076E0,1.613706E0,1.013275E2
4.500000E-1,-1.158488E-1,-1.923527E0,0.000000E0,-0.000000E0,7.383859E0,-2.901001E1
4.666667E-1,-1.158488E-1,-1.923527E0,1.311495E-1,-6.754201E0,2.248278E0,-1.157863E2
4.833333E-1,-1.114771E-1,-2.148667E0,1.311495E-1,-6.754201E0,-2.248278E0,1.157863E2
5.000000E-1,-1.114771E-1,-2.148667E0,0.000000E0,-0.000000E0,-8.993112E0,5.395867E1
5.166667E-1,-1.114771E-1,-2.148667E0,-1.311495E-1,-5.180407E0,,
5.333333E-1,-1.158488E-1,-2.321347E0,,,,
