,masa A,,,,,,
t,x,y,vx,vy,ax,ay,
0.000000E0,-5.963225E-2,-1.420519E0,,,,
1.666667E-2,-5.938002E-2,-1.420317E0,7.225892E-3,4.534141E-3,,
3.333333E-2,-5.939138E-2,-1.420368E0,-9.624466E-4,-2.472792E-3,1.903567E0,-5.706428E0
5.000000E-2,-5.941211E-2,-1.420399E0,6.260622E-2,-1.616184E-1,1.102490E0,-2.486341E0
6.666667E-2,-5.730451E-2,-1.425755E0,6.311821E-2,-1.548488E-1,-1.081087E0,3.010309E0
8.333333E-2,-5.730816E-2,-1.425561E0,-5.941976E-4,9.424790E-3,9.588770E0,-3.183596E1
1.000000E-1,-5.732432E-2,-1.425441E0,3.426032E-1,-1.084503E0,5.784091E0,-1.902799E1
1.166667E-1,-4.588806E-2,-1.461711E0,3.398946E-1,-1.091417E0,-6.000265E0,1.844115E1
1.333333E-1,-4.599450E-2,-1.461821E0,-5.544988E-3,-4.234807E-3,-2.168728E1,-6.442875E1
1.500000E-1,-4.607289E-2,-1.461852E0,-2.922304E-1,-2.969399E0,-4.819551E0,-5.075880E1
1.666667E-1,-5.573551E-2,-1.560801E0,-2.898786E-1,-2.968471E0,5.049982E0,5.091990E1
1.833333E-1,-5.573551E-2,-1.560801E0,0.000000E0,-0.000000E0,1.136131E1,1.688191E1
2.000000E-1,-5.573551E-2,-1.560801E0,4.149304E-2,-2.476082E0,9.909429E-1,-4.186907E1
2.166667E-1,-5.435241E-2,-1.643337E0,4.964902E-2,-2.459223E0,-3.079787E-1,4.317037E1
2.333333E-1,-5.408054E-2,-1.642775E0,1.584180E-2,2.952449E-2,3.488499E0,6.152675E1
2.500000E-1,-5.382435E-2,-1.642353E0,1.511618E-1,-6.667898E-1,-4.836745E0,-1.697981E2
2.666667E-1,-4.904182E-2,-1.665002E0,-5.733484E-2,-5.268981E0,-6.165575E0,-6.746402E1
2.833333E-1,-5.573551E-2,-1.817986E0,-2.008109E-1,-4.589526E0,-1.476706E0,1.019732E2
3.000000E-1,-5.573551E-2,-1.817986E0,0.000000E0,1.490998E-14,6.884944E0,1.573552E2
3.166667E-1,-5.573551E-2,-1.817986E0,0.000000E0,-0.000000E0,8.001164E-1,-9.098124E1
3.333333E-1,-5.573551E-2,-1.817986E0,2.333673E-2,-2.653619E0,2.551239E-1,-4.514153E1
3.500000E-1,-5.495762E-2,-1.906440E0,1.910948E-2,-2.643438E0,-5.682020E-1,4.579643E1
3.666667E-1,-5.509853E-2,-1.906101E0,-7.017818E-3,1.401028E-2,-1.334993E0,-2.114178E2
3.833333E-1,-5.519155E-2,-1.905973E0,-1.910948E-2,-8.812968E0,-8.698015E-2,-1.515598E2
4.000000E-1,-5.573551E-2,-2.199866E0,-1.631891E-2,-8.816797E0,3.754294E-1,1.510138E2
4.166667E-1,-5.573551E-2,-2.199866E0,0.000000E0,-0.000000E0,5.595055E-1,3.022902E2
4.333333E-1,-5.573551E-2,-2.199866E0,0.000000E0,-0.000000E0,4.008072E0,-1.082179E2
4.500000E-1,-5.573551E-2,-2.199866E0,1.169021E-1,-3.156357E0,2.359510E0,-5.410767E1
4.666667E-1,-5.183877E-2,-2.305078E0,1.272701E-1,-3.156319E0,,
4.833333E-1,-5.149318E-2,-2.305077E0,,,,
