,masa A,,,,,,
t,x,y,vx,vy,ax,ay,
0.000000E0,-1.063931E-1,-9.061496E-1,,,,
1.666667E-2,-1.061983E-1,-9.063188E-1,6.373066E-3,-1.378591E-1,,
3.333333E-2,-1.061807E-1,-9.107449E-1,1.075557E-3,-1.327290E-1,-1.856443E-1,2.454003E0
5.000000E-2,-1.061625E-1,-9.107431E-1,9.662827E-4,1.334624E-4,8.190822E-1,-2.321618E1
6.666667E-2,-1.061484E-1,-9.107404E-1,2.490298E-2,-8.098538E-1,1.009048E-1,-1.371782E1
8.333333E-2,-1.053324E-1,-9.377382E-1,1.594017E-2,-8.049770E-1,-5.386783E0,-9.399447E1
1.000000E-1,-1.056171E-1,-9.375730E-1,-1.487238E-1,-3.143914E0,-3.096070E0,-2.629645E1
1.166667E-1,-1.102898E-1,-1.042535E0,-1.401816E-1,-3.148871E0,2.695987E0,5.381068E1
1.333333E-1,-1.102898E-1,-1.042535E0,0.000000E0,-7.454988E-15,6.933766E0,2.285453E1
1.500000E-1,-1.102898E-1,-1.042535E0,6.205322E-2,-2.482280E0,1.188159E0,-4.260470E1
1.666667E-1,-1.082214E-1,-1.125278E0,6.568126E-2,-2.483777E0,-9.609573E-1,4.249124E1
1.833333E-1,-1.081004E-1,-1.125328E0,4.812711E-3,-2.560873E-3,-1.294140E1,9.254620E0
2.000000E-1,-1.080610E-1,-1.125363E0,-3.129978E-1,-2.213634E0,-5.573911E0,-3.706958E1
2.166667E-1,-1.185337E-1,-1.199116E0,-3.154433E-1,-2.189510E0,5.295643E0,3.922443E1
2.333333E-1,-1.185757E-1,-1.198347E0,-2.080694E-3,4.822672E-2,1.581061E1,4.508989E1
2.500000E-1,-1.186031E-1,-1.197508E0,1.459199E-1,-8.733352E-1,-2.491582E0,-7.089561E1
2.666667E-1,-1.137117E-1,-1.227458E0,-9.719777E-4,-2.481396E0,2.667119E-1,-9.445783E1
2.833333E-1,-1.186355E-1,-1.280221E0,6.473211E-3,-3.970552E0,8.379738E0,-6.370804E-1
3.000000E-1,-1.134960E-1,-1.359810E0,3.943854E-1,-2.902359E0,-1.658908E0,-5.748241E1
3.166667E-1,-1.054893E-1,-1.376967E0,1.096127E-3,-4.710644E0,-1.311616E1,1.854818E1
3.333333E-1,-1.134594E-1,-1.516831E0,-2.278216E-1,-4.201991E0,-3.678235E0,8.934344E1
3.500000E-1,-1.130833E-1,-1.517033E0,1.900780E-2,-9.846709E-3,6.727026E0,6.154561E1
3.666667E-1,-1.128258E-1,-1.517160E0,-3.339548E-2,-2.405785E0,-8.453109E-1,-3.654250E1
3.833333E-1,-1.141965E-1,-1.597226E0,-3.006992E-2,-2.274764E0,5.475826E-1,4.334195E1
4.000000E-1,-1.138282E-1,-1.592985E0,8.661282E-3,1.229599E-1,8.927318E-1,-2.594014E2
4.166667E-1,-1.139078E-1,-1.593127E0,-1.075191E-2,-9.906382E0,-4.812767E-1,-1.740395E2
4.333333E-1,-1.141866E-1,-1.923198E0,-8.362553E-3,-9.902118E0,2.252788E-1,1.698968E2
4.500000E-1,-1.141866E-1,-1.923198E0,0.000000E0,-0.000000E0,2.867161E-1,1.030250E2
4.666667E-1,-1.141866E-1,-1.923198E0,0.000000E0,-6.897224E0,0.000000E0,-1.182381E2
4.833333E-1,-1.141866E-1,-2.153105E0,0.000000E0,-6.897224E0,0.000000E0,1.182381E2
5.000000E-1,-1.141866E-1,-2.153105E0,0.000000E0,-0.000000E0,0.000000E0,7.615337E1
5.166667E-1,-1.141866E-1,-2.153105E0,0.000000E0,-4.676084E0,,
5.333333E-1,-1.141866E-1,-2.308975E0,,,,
