,masa A,,,,,,
t,x,y,vx,vy,ax,ay,
0.000000E0,-1.102898E-1,-9.178398E-1,,,,
1.666667E-2,-1.100286E-1,-9.178424E-1,-3.771872E-3,-1.494567E-1,,
3.333333E-2,-1.104156E-1,-9.228217E-1,-7.905720E-3,-1.462082E-1,8.589519E-2,2.689722E0
5.000000E-2,-1.102921E-1,-9.227160E-1,6.390524E-3,5.268317E-3,5.014460E0,-2.502471E1
6.666667E-2,-1.102025E-1,-9.226461E-1,1.378404E-1,-8.766321E-1,2.228624E0,-1.542399E1
8.333333E-2,-1.056974E-1,-9.519371E-1,1.376260E-1,-8.850116E-1,7.848920E-1,-3.957041E1
1.000000E-1,-1.056150E-1,-9.521465E-1,9.439194E-2,-1.594545E0,-2.920687E0,2.980435E0
1.166667E-1,-1.025510E-1,-1.005089E0,9.716337E-2,-1.589073E0,-1.395624E0,2.738167E1
1.333333E-1,-1.023762E-1,-1.005116E0,1.034787E-2,-2.186266E-3,-1.146864E1,-5.213395E1
1.500000E-1,-1.022061E-1,-1.005161E0,-2.374080E-1,-3.109930E0,-4.424636E0,-5.323813E1
1.666667E-1,-1.102898E-1,-1.108780E0,-2.425126E-1,-3.108553E0,3.982345E0,5.333668E1
1.833333E-1,-1.102898E-1,-1.108780E0,0.000000E0,-0.000000E0,1.207323E1,3.855890E1
2.000000E-1,-1.102898E-1,-1.108780E0,1.096233E-1,-1.983919E0,2.455393E0,-4.254095E1
2.166667E-1,-1.066357E-1,-1.174911E0,1.264273E-1,-2.232737E0,-1.543125E0,2.968863E1
2.333333E-1,-1.060756E-1,-1.183204E0,1.820583E-2,-2.504502E-1,-3.485088E0,4.188045E1
2.500000E-1,-1.060289E-1,-1.183259E0,1.707787E-2,-8.876306E-1,-1.001270E0,-7.439077E1
2.666667E-1,-1.055063E-1,-1.212792E0,-3.860813E-3,-2.862364E0,-7.958665E-1,-3.274626E1
2.833333E-1,-1.061575E-1,-1.278671E0,-2.374132E-2,-2.387913E0,-2.043937E-1,5.720255E1
3.000000E-1,-1.062977E-1,-1.292389E0,-2.156132E-3,-4.115477E-1,-7.407466E0,-1.571760E2
3.166667E-1,-1.062294E-1,-1.292389E0,-2.366660E-1,-6.766440E0,-3.983206E0,-1.018859E2
3.333333E-1,-1.141866E-1,-1.517937E0,-2.387143E-1,-6.766440E0,4.022016E0,1.159961E2
3.500000E-1,-1.141866E-1,-1.517937E0,0.000000E0,-0.000000E0,6.196821E0,1.439825E2
3.666667E-1,-1.141866E-1,-1.517937E0,-5.797372E-2,-2.566951E0,-8.659366E-1,-3.335954E1
3.833333E-1,-1.161190E-1,-1.603502E0,-5.424334E-2,-2.256462E0,1.052372E0,4.965974E1
4.000000E-1,-1.159947E-1,-1.593153E0,3.572506E-3,3.201779E-1,-4.229945E0,-2.609621E2
4.166667E-1,-1.159999E-1,-1.592830E0,-1.795609E-1,-1.001826E1,-3.200672E0,-1.827191E2
4.333333E-1,-1.219800E-1,-1.927095E0,-1.794030E-1,-1.002795E1,3.080892E0,1.715755E2
4.500000E-1,-1.219800E-1,-1.927095E0,0.000000E0,-0.000000E0,2.142888E0,1.313875E2
4.666667E-1,-1.219800E-1,-1.927095E0,-1.169021E-1,-6.195811E0,-2.004036E0,-1.062139E2
4.833333E-1,-1.258768E-1,-2.133622E0,-1.169021E-1,-6.195811E0,2.004036E0,1.062139E2
5.000000E-1,-1.258768E-1,-2.133622E0,0.000000E0,-0.000000E0,4.008072E0,3.607265E1
5.166667E-1,-1.258768E-1,-2.133622E0,0.000000E0,-5.143692E0,,
5.333333E-1,-1.258768E-1,-2.305078E0,,,,
