,masa A,,,,,,
t,x,y,vx,vy,ax,ay,
0.000000E0,-1.063931E-1,-9.178398E-1,,,,
1.666667E-2,-1.058149E-1,-9.177040E-1,5.120484E-3,-1.676500E-1,,
3.333333E-2,-1.062224E-1,-9.234281E-1,-1.169967E-2,-1.808884E-1,-3.826315E-1,2.493268E0
5.000000E-2,-1.062049E-1,-9.237336E-1,3.346919E-4,-1.365079E-2,6.002125E0,-2.339281E1
6.666667E-2,-1.062112E-1,-9.238831E-1,1.630052E-1,-8.608390E-1,2.949740E0,-1.438073E1
8.333333E-2,-1.007714E-1,-9.524283E-1,1.680612E-1,-8.590226E-1,-2.877552E0,-3.957087E1
1.000000E-1,-1.006092E-1,-9.525172E-1,-8.779999E-5,-1.588147E0,-5.682883E0,2.244277E0
1.166667E-1,-1.007743E-1,-1.005367E0,-2.599680E-3,-1.584969E0,3.988111E-2,2.728464E1
1.333333E-1,-1.006959E-1,-1.005350E0,4.729539E-3,6.483987E-4,-5.771226E0,-5.203737E1
1.500000E-1,-1.006167E-1,-1.005345E0,-1.709166E-1,-3.102910E0,-3.092155E0,-5.321498E1
1.666667E-1,-1.063931E-1,-1.108780E0,-1.732919E-1,-3.103050E0,2.889281E0,5.319036E1
1.833333E-1,-1.063931E-1,-1.108780E0,0.000000E0,-0.000000E0,7.903286E0,3.859693E1
2.000000E-1,-1.063931E-1,-1.108780E0,5.722062E-2,-1.977306E0,1.091797E0,-3.430151E1
2.166667E-1,-1.044857E-1,-1.174690E0,6.045437E-2,-1.989114E0,-8.964287E-1,3.373731E1
2.333333E-1,-1.043779E-1,-1.175084E0,4.081349E-3,-1.055203E-2,-1.794321E0,3.001387E1
2.500000E-1,-1.043497E-1,-1.175042E0,6.926931E-3,-1.107177E0,-1.034754E1,-1.890168E2
2.666667E-1,-1.041470E-1,-1.211990E0,-2.951062E-1,-6.078387E0,-5.296458E0,-6.624055E1
2.833333E-1,-1.141866E-1,-1.377655E0,-3.011855E-1,-4.969954E0,4.954746E0,1.232026E2
3.000000E-1,-1.141866E-1,-1.377655E0,0.000000E0,-0.000000E0,2.310216E0,1.408361E1
3.166667E-1,-1.141866E-1,-1.377655E0,-2.338042E-1,-4.559182E0,-4.008072E0,-7.815740E1
3.333333E-1,-1.219800E-1,-1.529627E0,-2.338042E-1,-4.559182E0,4.008072E0,7.815740E1
3.500000E-1,-1.219800E-1,-1.529627E0,0.000000E0,-0.000000E0,3.937745E0,7.591993E1
3.666667E-1,-1.219800E-1,-1.529627E0,-1.189533E-1,-2.344851E0,-2.033303E0,-2.895142E1
3.833333E-1,-1.259451E-1,-1.607789E0,-1.187813E-1,-2.016842E0,2.002973E0,4.576245E1
4.000000E-1,-1.259394E-1,-1.596855E0,-9.706244E-4,3.263172E-1,8.167541E0,-2.648736E2
4.166667E-1,-1.259775E-1,-1.596912E0,1.187813E-1,-9.907172E0,2.069530E0,-1.810253E2
4.333333E-1,-1.219800E-1,-1.927095E0,1.199239E-1,-9.905481E0,-2.016664E0,1.698662E2
4.500000E-1,-1.219800E-1,-1.927095E0,0.000000E0,-0.000000E0,-1.036059E-1,1.151645E2
4.666667E-1,-1.219800E-1,-1.927095E0,1.169021E-1,-6.546518E0,2.004036E0,-1.122260E2
4.833333E-1,-1.180833E-1,-2.145312E0,1.169021E-1,-6.546518E0,-2.004036E0,1.122260E2
5.000000E-1,-1.180833E-1,-2.145312E0,-1.490998E-14,1.490998E-14,-3.527625E0,1.441438E2
5.166667E-1,-1.180833E-1,-2.145312E0,1.401304E-2,-2.342325E0,,
5.333333E-1,-1.176162E-1,-2.223389E0,,,,
