,masa A,,,,,,
t,x,y,vx,vy,ax,ay,
0.000000E0,-8.974672E-3,-5.983074E-1,,,,
1.666667E-2,-8.935905E-3,-5.985642E-1,1.148915E-3,-7.306903E-3,,
3.333333E-2,-8.936374E-3,-5.985509E-1,-1.110321E-4,1.354626E-3,-4.121954E-2,2.911603E-1
5.000000E-2,-8.939606E-3,-5.985191E-1,-9.475178E-5,1.463479E-3,2.127103E-3,-1.329123E-2
6.666667E-2,-8.939533E-3,-5.985022E-1,5.789254E-7,7.431845E-4,-6.956178E0,-2.822734E1
8.333333E-2,-8.939587E-3,-5.984943E-1,-2.029852E-1,-8.219704E-1,-3.439159E0,-1.432571E1
1.000000E-1,-1.570571E-2,-6.259012E-1,-2.017992E-1,-8.283104E-1,3.551543E0,1.381673E1
1.166667E-1,-1.566623E-2,-6.261047E-1,2.685442E-3,-1.093189E-2,7.009394E0,2.809291E1
1.333333E-1,-1.561619E-2,-6.262656E-1,2.799794E-3,-8.295020E-3,-2.531626E-2,1.539138E-1
1.500000E-1,-1.557290E-2,-6.263812E-1,1.845870E-3,-5.763127E-3,6.941620E0,-1.198724E2
1.666667E-1,-1.555466E-2,-6.264577E-1,2.048879E-1,-3.503987E0,3.449078E0,-5.987076E1
1.833333E-1,-8.743303E-3,-7.431807E-1,2.043408E-1,-3.501692E0,-3.521744E0,6.010770E1
2.000000E-1,-8.743303E-3,-7.431807E-1,0.000000E0,-0.000000E0,-7.005970E0,1.200580E2
2.166667E-1,-8.743303E-3,-7.431807E-1,0.000000E0,-0.000000E0,0.000000E0,-0.000000E0
2.333333E-1,-8.743303E-3,-7.431807E-1,0.000000E0,-0.000000E0,0.000000E0,-0.000000E0
2.500000E-1,-8.743303E-3,-7.431807E-1,0.000000E0,-0.000000E0,-2.948257E-1,-5.720659E1
2.666667E-1,-8.743303E-3,-7.431807E-1,-8.599083E-3,-1.668525E0,2.567795E-1,-1.872497E1
2.833333E-1,-9.029939E-3,-7.987983E-1,3.189861E-3,-1.380408E0,7.128355E-1,1.768395E1
3.000000E-1,-8.636974E-3,-7.891943E-1,2.238597E-2,-1.744220E-1,6.170130E-1,1.376298E1
3.166667E-1,-8.283740E-3,-8.046123E-1,2.059011E-2,-1.354316E0,-6.089059E-1,-1.787381E1
3.333333E-1,-7.950637E-3,-8.343382E-1,4.324245E-3,-9.103598E-1,-7.866550E-1,3.061228E1
3.500000E-1,-8.139599E-3,-8.349577E-1,-1.018496E-2,-2.486137E-2,-4.363755E-1,3.069150E1
3.666667E-1,-8.290136E-3,-8.351669E-1,-7.827007E-3,-9.038520E-3,4.358979E0,-2.508284E2
3.833333E-1,-8.400499E-3,-8.352589E-1,1.175545E-1,-7.338929E0,2.283575E0,-1.255003E2
4.000000E-1,-4.371651E-3,-1.079798E0,1.208654E-1,-7.336169E0,-1.958462E0,1.258575E2
4.166667E-1,-4.371651E-3,-1.079798E0,0.000000E0,-0.000000E0,-4.143957E0,2.515258E2
4.333333E-1,-4.371651E-3,-1.079798E0,0.000000E0,-0.000000E0,0.000000E0,-0.000000E0
4.500000E-1,-4.371651E-3,-1.079798E0,0.000000E0,-0.000000E0,0.000000E0,-0.000000E0
4.666667E-1,-4.371651E-3,-1.079798E0,0.000000E0,-0.000000E0,-8.993112E0,-2.360692E2
4.833333E-1,-4.371651E-3,-1.079798E0,-2.622991E-1,-6.885351E0,-4.496556E0,-1.180346E2
5.000000E-1,-1.311495E-2,-1.309310E0,-2.622991E-1,-6.885351E0,4.496556E0,1.180346E2
5.166667E-1,-1.311495E-2,-1.309310E0,0.000000E0,-0.000000E0,8.993112E0,2.360692E2
5.333333E-1,-1.311495E-2,-1.309310E0,0.000000E0,-0.000000E0,0.000000E0,-0.000000E0
5.500000E-1,-1.311495E-2,-1.309310E0,0.000000E0,-0.000000E0,0.000000E0,-0.000000E0
5.666667E-1,-1.311495E-2,-1.309310E0,0.000000E0,-0.000000E0,-2.248278E0,-2.855313E2
5.833333E-1,-1.311495E-2,-1.309310E0,-6.557477E-2,-8.327996E0,-9.798924E-1,-1.427542E2
6.000000E-1,-1.530078E-2,-1.586909E0,-6.136758E-2,-8.327661E0,1.205405E0,1.427734E2
6.166667E-1,-1.516054E-2,-1.586898E0,4.473860E-3,3.946689E-4,2.184943E0,2.855276E2
6.333333E-1,-1.515165E-2,-1.586896E0,3.896737E-4,8.945807E-5,-1.467094E-1,-1.199794E-2
6.500000E-1,-1.514755E-2,-1.586895E0,1.230051E-4,2.981160E-5,-1.125158E-2,-2.556078E-3
6.666667E-1,-1.514755E-2,-1.586895E0,0.000000E0,-0.000000E0,6.583010E0,-3.147745E2
6.833333E-1,-1.514755E-2,-1.586895E0,1.921274E-1,-9.180892E0,4.072953E0,-1.570986E2
7.000000E-1,-8.743303E-3,-1.892925E0,2.148582E-1,-9.172488E0,-3.059457E0,1.574675E2
7.166667E-1,-7.985611E-3,-1.892645E0,1.819495E-2,6.557477E-3,-7.098955E0,3.145845E2
7.333333E-1,-8.136805E-3,-1.892706E0,-5.827937E-3,-2.231251E-3,-7.237342E-1,-2.630778E-1
7.500000E-1,-8.179876E-3,-1.892719E0,-1.292133E-3,-3.839192E-4,-2.650139E0,-3.373834E2
7.666667E-1,-8.179876E-3,-1.892719E0,-8.247759E-2,-9.842389E0,-1.369600E0,-1.687135E2
7.833333E-1,-1.092913E-2,-2.220799E0,-8.247759E-2,-9.842389E0,1.413901E0,1.687267E2
8.000000E-1,-1.092913E-2,-2.220799E0,0.000000E0,-0.000000E0,2.827803E0,3.374533E2
8.166667E-1,-1.092913E-2,-2.220799E0,0.000000E0,-0.000000E0,0.000000E0,-0.000000E0
8.333333E-1,-1.092913E-2,-2.220799E0,0.000000E0,-0.000000E0,0.000000E0,-0.000000E0
8.500000E-1,-1.092913E-2,-2.220799E0,0.000000E0,-0.000000E0,2.248278E0,-2.922761E1
8.666667E-1,-1.092913E-2,-2.220799E0,6.557477E-2,-8.524720E-1,,
8.833333E-1,-8.743303E-3,-2.249215E0,,,,
