,masa A,,,,,,
t,x,y,vx,vy,ax,ay,
0.000000E0,-5.259160E-2,-2.560596E-1,,,,
1.666667E-2,-5.245379E-2,-2.560293E-1,3.392738E-3,1.189537E-3,,
3.333333E-2,-5.247851E-2,-2.560199E-1,-1.331659E-3,5.717343E-4,-1.510008E-1,-2.608349E-2
5.000000E-2,-5.249818E-2,-2.560103E-1,-9.357292E-4,4.327696E-4,-6.346841E0,-3.528720E1
6.666667E-2,-5.250970E-2,-2.560055E-1,-1.863256E-1,-1.028712E0,-3.233739E0,-1.776276E1
8.333333E-2,-5.870903E-2,-2.903007E-1,-1.880703E-1,-1.032147E0,3.119677E0,1.750737E1
1.000000E-1,-5.877871E-2,-2.904104E-1,-3.390207E-3,-5.298933E-3,6.351309E0,3.523991E1
1.166667E-1,-5.882204E-2,-2.904773E-1,-2.428577E-3,-3.673400E-3,4.710554E-2,7.199741E-2
1.333333E-1,-5.885966E-2,-2.905329E-1,-1.930699E-3,-3.028667E-3,2.558528E-2,3.566031E-2
1.500000E-1,-5.888639E-2,-2.905783E-1,-1.518998E-3,-2.481282E-3,9.550469E-1,-1.267379E2
1.666667E-1,-5.891029E-2,-2.906156E-1,2.596734E-2,-3.699428E0,1.337009E-1,-6.350462E1
1.833333E-1,-5.802081E-2,-4.138925E-1,1.608127E-2,-3.703294E0,-5.450119E-1,6.338634E1
2.000000E-1,-5.837425E-2,-4.140587E-1,-8.572535E-3,-3.997945E-3,-6.502335E-1,1.269272E2
2.166667E-1,-5.830657E-2,-4.140258E-1,3.432923E-3,1.734689E-3,3.860159E-1,1.894155E-1
2.333333E-1,-5.825982E-2,-4.140009E-1,2.372198E-3,1.406550E-3,7.277138E0,-1.552761E2
2.500000E-1,-5.822749E-2,-4.139789E-1,2.154665E-1,-4.527195E0,3.612378E0,-7.765727E1
2.666667E-1,-5.107760E-2,-5.649074E-1,2.144967E-1,-4.527854E0,-3.710336E0,7.759775E1
2.833333E-1,-5.107760E-2,-5.649074E-1,0.000000E0,-0.000000E0,-7.354172E0,1.552407E2
3.000000E-1,-5.107760E-2,-5.649074E-1,0.000000E0,-0.000000E0,0.000000E0,-0.000000E0
3.166667E-1,-5.107760E-2,-5.649074E-1,0.000000E0,-0.000000E0,0.000000E0,-0.000000E0
3.333333E-1,-5.107760E-2,-5.649074E-1,0.000000E0,-0.000000E0,-1.071238E1,-1.946083E2
3.500000E-1,-5.107760E-2,-5.649074E-1,-3.124445E-1,-5.676075E0,-4.815714E0,-9.718479E1
3.666667E-1,-6.149242E-2,-7.541099E-1,-2.966806E-1,-5.672594E0,5.089254E0,9.723498E1
3.833333E-1,-6.096696E-2,-7.539938E-1,9.629188E-5,-2.765232E-4,1.020208E1,1.945074E2
4.000000E-1,-6.148921E-2,-7.541191E-1,-1.483568E-2,-3.080662E-3,-2.576274E-1,-4.333055E-2
4.166667E-1,-6.146148E-2,-7.540965E-1,8.319498E-4,6.771574E-4,5.229139E-1,1.172311E-1
4.333333E-1,-6.146148E-2,-7.540965E-1,0.000000E0,-0.000000E0,1.600822E1,-2.357094E2
4.500000E-1,-6.146148E-2,-7.540965E-1,4.677385E-1,-6.874180E0,8.018374E0,-1.178431E2
4.666667E-1,-4.587020E-2,-9.832358E-1,4.677385E-1,-6.874180E0,-8.018374E0,1.178431E2
4.833333E-1,-4.587020E-2,-9.832358E-1,0.000000E0,-0.000000E0,-1.603675E1,2.356862E2
5.000000E-1,-4.587020E-2,-9.832358E-1,0.000000E0,-0.000000E0,0.000000E0,-0.000000E0
5.166667E-1,-4.587020E-2,-9.832358E-1,0.000000E0,-0.000000E0,0.000000E0,-0.000000E0
5.333333E-1,-4.587020E-2,-9.832358E-1,0.000000E0,-0.000000E0,0.000000E0,-0.000000E0
5.500000E-1,-4.587020E-2,-9.832358E-1,0.000000E0,-0.000000E0,-1.249778E1,-2.963759E2
5.666667E-1,-4.587020E-2,-9.832358E-1,-3.645186E-1,-8.644298E0,-6.296517E0,-1.481963E2
5.833333E-1,-5.802081E-2,-1.271379E0,-3.659077E-1,-8.644541E0,6.226945E0,1.481855E2
6.000000E-1,-5.806712E-2,-1.271387E0,-1.334629E-3,-1.946109E-4,1.251775E1,2.963794E2
6.166667E-1,-5.806530E-2,-1.271386E0,-8.498313E-5,3.625494E-6,3.963206E-2,8.216206E-3
6.333333E-1,-5.806995E-2,-1.271387E0,-2.756655E-4,-2.139181E-6,-3.423120E-3,8.399987E-4
6.500000E-1,-5.807449E-2,-1.271386E0,-1.831936E-4,7.241077E-5,1.848529E0,-3.142228E2
6.666667E-1,-5.807606E-2,-1.271385E0,5.368438E-2,-9.164842E0,9.265845E-1,-1.571141E2
6.833333E-1,-5.628501E-2,-1.576880E0,5.373137E-2,-9.164871E0,-9.194981E-1,1.571111E2
7.000000E-1,-5.628501E-2,-1.576880E0,0.000000E0,-1.490998E-14,-1.842218E0,3.142242E2
7.166667E-1,-5.628501E-2,-1.576880E0,0.000000E0,-0.000000E0,0.000000E0,8.945986E-13
7.333333E-1,-5.628501E-2,-1.576880E0,0.000000E0,-0.000000E0,0.000000E0,-0.000000E0
7.500000E-1,-5.628501E-2,-1.576880E0,0.000000E0,-0.000000E0,6.521498E0,-8.032291E1
7.666667E-1,-5.628501E-2,-1.576880E0,1.902104E-1,-2.342752E0,3.256081E0,-4.040184E1
7.833333E-1,-4.994467E-2,-1.654972E0,1.900742E-1,-2.349763E0,-3.270200E0,3.929697E1
8.000000E-1,-4.994921E-2,-1.655206E0,-3.437271E-4,-2.871968E-2,-2.017402E1,-2.046279E2
8.166667E-1,-4.995612E-2,-1.655929E0,-3.983705E-1,-8.325424E0,-6.817424E0,-1.417369E2
8.333333E-1,-6.322822E-2,-1.932720E0,-3.981630E-1,-8.303716E0,-9.235807E0,-2.229127E2
8.500000E-1,-6.322822E-2,-1.932720E0,-4.686667E-1,-1.067519E1,5.617015E0,1.016956E2
8.666667E-1,-7.885045E-2,-2.288560E0,-4.686667E-1,-1.067519E1,8.034287E0,1.830032E2
8.833333E-1,-7.885045E-2,-2.288560E0,0.000000E0,-0.000000E0,1.606857E1,3.660064E2
9.000000E-1,-7.885045E-2,-2.288560E0,0.000000E0,-0.000000E0,0.000000E0,-0.000000E0
9.166667E-1,-7.885045E-2,-2.288560E0,0.000000E0,-0.000000E0,0.000000E0,-0.000000E0
9.333333E-1,-7.885045E-2,-2.288560E0,0.000000E0,-0.000000E0,,
9.500000E-1,-7.885045E-2,-2.288560E0,,,,
