,masa A,,,,,,
t,x,y,vx,vy,ax,ay,
0.000000E0,3.392238E-4,-1.346693E-3,,,,
1.666667E-2,1.187976E-3,-3.532519E-3,0.000000E0,-1.962652E0,,
3.333333E-2,3.392238E-4,-6.676843E-2,-1.081005E-1,-1.711142E0,-1.853152E0,3.795707E1
5.000000E-2,-2.415376E-3,-6.057058E-2,-8.263798E-2,1.859355E-1,2.289653E0,6.185519E1
6.666667E-2,-2.415376E-3,-6.057058E-2,0.000000E0,-0.000000E0,2.833302E0,-6.374930E0
8.333333E-2,-2.415376E-3,-6.057058E-2,0.000000E0,-0.000000E0,0.000000E0,-0.000000E0
1.000000E-1,-2.415376E-3,-6.057058E-2,0.000000E0,-0.000000E0,4.577479E0,-1.096619E2
1.166667E-1,-2.415376E-3,-6.057058E-2,1.335098E-1,-3.198471E0,2.232475E0,-5.494850E1
1.333333E-1,2.034951E-3,-1.671863E-1,1.318688E-1,-3.201900E0,-2.227325E0,5.468831E1
1.500000E-1,1.980249E-3,-1.673006E-1,9.707219E-4,-5.874360E-3,-4.564734E0,1.096196E2
1.666667E-1,2.067309E-3,-1.673821E-1,8.571095E-4,-4.170171E-3,-1.605921E-1,1.146659E-1
1.833333E-1,2.008820E-3,-1.674396E-1,-5.896443E-3,-2.169620E-3,-3.122415E0,-1.647869E2
2.000000E-1,1.870761E-3,-1.674544E-1,-9.140687E-2,-4.809814E0,-1.364811E0,-8.237957E1
2.166667E-1,-1.038076E-3,-3.277667E-1,-8.726510E-2,-4.809369E0,1.637977E0,8.246158E1
2.333333E-1,-1.038076E-3,-3.277667E-1,-1.490998E-14,-0.000000E0,2.991946E0,1.648927E2
2.500000E-1,-1.038076E-3,-3.277667E-1,0.000000E0,-0.000000E0,1.580950E-2,2.500742E-2
2.666667E-1,-1.038076E-3,-3.277667E-1,4.611105E-4,7.293830E-4,1.505944E-2,6.364272E-3
2.833333E-1,-1.022706E-3,-3.277424E-1,6.697891E-4,5.503161E-4,1.688164E-3,-2.068760E-2
3.000000E-1,-1.015750E-3,-3.277484E-1,3.841327E-4,-3.282303E-4,-1.372781E-2,-2.791502E-2
3.166667E-1,-1.009901E-3,-3.277534E-1,2.527823E-4,-2.489203E-4,-2.165445E0,-2.075427E2
3.333333E-1,-1.007324E-3,-3.277567E-1,-6.282373E-2,-6.053634E0,-1.085645E0,-1.037680E2
3.500000E-1,-3.104026E-3,-5.295411E-1,-6.290106E-2,-6.053534E0,1.075653E0,1.037783E2
3.666667E-1,-3.104026E-3,-5.295411E-1,0.000000E0,-3.727494E-15,2.156608E0,2.075497E2
3.833333E-1,-3.104026E-3,-5.295411E-1,0.000000E0,-0.000000E0,0.000000E0,2.236497E-13
4.000000E-1,-3.104026E-3,-5.295411E-1,0.000000E0,-0.000000E0,1.261451E1,-8.686548E1
4.166667E-1,-3.104026E-3,-5.295411E-1,3.679233E-1,-2.533577E0,6.418418E0,-4.460704E1
4.333333E-1,9.160086E-3,-6.139937E-1,3.711655E-1,-2.567827E0,-6.175655E0,4.274014E1
4.500000E-1,9.268159E-3,-6.151354E-1,5.459496E-3,-3.732615E-2,-1.716337E1,1.014683E1
4.666667E-1,9.342069E-3,-6.152379E-1,-1.299452E-1,-2.256291E0,-2.458643E0,-3.885554E1
4.833333E-1,4.936652E-3,-6.903451E-1,-1.334409E-1,-2.295682E0,2.291472E0,2.859408E1
5.000000E-1,4.894041E-3,-6.917606E-1,2.331486E-3,-3.169228E-1,-1.081852E1,-3.171201E2
5.166667E-1,5.014368E-3,-7.009092E-1,-4.465370E-1,-1.166101E1,-7.734856E0,-1.890371E2
5.333333E-1,-9.990524E-3,-1.080461E0,-4.501468E-1,-1.138656E1,7.593037E0,2.046080E2
5.500000E-1,-9.990524E-3,-1.080461E0,-1.490998E-14,-0.000000E0,1.543360E1,3.903962E2
5.666667E-1,-9.990524E-3,-1.080461E0,0.000000E0,-0.000000E0,8.945986E-13,-0.000000E0
5.833333E-1,-9.990524E-3,-1.080461E0,0.000000E0,-0.000000E0,0.000000E0,-0.000000E0
6.000000E-1,-9.990524E-3,-1.080461E0,0.000000E0,-0.000000E0,2.124977E0,-3.513295E2
6.166667E-1,-9.990524E-3,-1.080461E0,6.197849E-2,-1.024711E1,1.062488E0,-1.756647E2
6.333333E-1,-7.924575E-3,-1.422031E0,6.197849E-2,-1.024711E1,-1.062488E0,1.756647E2
6.500000E-1,-7.924575E-3,-1.422031E0,0.000000E0,-0.000000E0,-2.124977E0,3.513295E2
6.666667E-1,-7.924575E-3,-1.422031E0,0.000000E0,-0.000000E0,0.000000E0,-0.000000E0
6.833333E-1,-7.924575E-3,-1.422031E0,0.000000E0,-0.000000E0,0.000000E0,-0.000000E0
7.000000E-1,-7.924575E-3,-1.422031E0,0.000000E0,-0.000000E0,-1.134499E1,-4.004838E2
7.166667E-1,-7.924575E-3,-1.422031E0,-3.308955E-1,-1.168078E1,-5.663334E0,-2.002566E2
7.333333E-1,-1.895443E-2,-1.811391E0,-3.306283E-1,-1.168121E1,5.681196E0,2.002355E2
7.500000E-1,-1.894552E-2,-1.811405E0,3.873699E-4,-4.019591E-4,1.134249E1,4.004921E2
7.666667E-1,-1.894151E-2,-1.811404E0,1.206321E-4,4.381969E-5,5.749026E-2,4.758408E-2
7.833333E-1,-1.894150E-2,-1.811403E0,2.004323E-3,9.790059E-4,8.782413E0,-4.063772E2
8.000000E-1,-1.887470E-2,-1.811371E0,2.572760E-1,-1.185215E1,4.249936E0,-2.033014E2
8.166667E-1,-1.036563E-2,-2.206475E0,2.525949E-1,-1.185568E1,-4.498367E0,2.031257E2
8.333333E-1,-1.045487E-2,-2.206561E0,-2.901054E-3,-2.377347E-3,-8.711434E0,4.064420E2
8.500000E-1,-1.046233E-2,-2.206554E0,-2.618477E-4,2.559071E-4,9.367378E-2,8.809867E-2
8.666667E-1,-1.046360E-2,-2.206552E0,-7.600269E-5,1.285238E-4,6.374198E-3,-4.369258E-3
8.833333E-1,-1.046487E-2,-2.206550E0,-7.591055E-5,1.284526E-4,1.304483E-3,-2.204486E-3
9.000000E-1,-1.046613E-2,-2.206548E0,-3.793226E-5,6.420848E-5,1.952380E-3,-3.303371E-3
9.166667E-1,-1.046613E-2,-2.206548E0,0.000000E0,-0.000000E0,-2.513587E1,-1.147718E2
9.333333E-1,-1.046613E-2,-2.206548E0,-7.331675E-1,-3.347446E0,-1.256859E1,-5.738478E1
9.500000E-1,-3.490505E-2,-2.318130E0,-7.331675E-1,-3.347446E0,1.256859E1,5.738478E1
9.666667E-1,-3.490505E-2,-2.318130E0,0.000000E0,-0.000000E0,2.513717E1,1.147696E2
9.833333E-1,-3.490505E-2,-2.318130E0,0.000000E0,-0.000000E0,,
1.000000E0,-3.490505E-2,-2.318130E0,,,,
